[gd_scene load_steps=15 format=2]

[ext_resource path="res://Scenes/Player.tscn" type="PackedScene" id=1]
[ext_resource path="res://Art/kloppenheim_05_4k.exr" type="Texture" id=2]
[ext_resource path="res://Art/Trees/Tree2.glb" type="PackedScene" id=3]
[ext_resource path="res://Scripts/SpawnAlongPath.cs" type="Script" id=4]
[ext_resource path="res://addons/zylann.hterrain/hterrain.gd" type="Script" id=5]
[ext_resource path="res://Art/Terrain/data.hterrain" type="Resource" id=6]
[ext_resource path="res://addons/zylann.hterrain/hterrain_texture_set.gd" type="Script" id=7]
[ext_resource path="res://Scripts/BlurOnRuntime.cs" type="Script" id=8]
[ext_resource path="res://Scripts/HUD.cs" type="Script" id=9]
[ext_resource path="res://Art/Trees/Tree.glb" type="PackedScene" id=10]

[sub_resource type="PanoramaSky" id=5]
panorama = ExtResource( 2 )

[sub_resource type="Environment" id=6]
background_mode = 2
background_sky = SubResource( 5 )
ambient_light_color = Color( 1, 1, 1, 1 )
ambient_light_energy = 0.6
ambient_light_sky_contribution = 0.28
tonemap_mode = 2
tonemap_exposure = 0.51
tonemap_white = 4.41
dof_blur_far_enabled = true
dof_blur_far_distance = 81.93
dof_blur_far_transition = 1866.79
dof_blur_far_amount = 0.0

[sub_resource type="Curve3D" id=7]
_data = {
"points": PoolVector3Array( 0, 0, 0, 0, 0, 0, -47.6773, -0.171962, -48.1774, 0, 0, 0, 0, 0, 0, 48.3441, -0.171962, -48.1774, 0, 0, 0, 0, 0, 0, 48.3441, -0.171962, 48.5108, 0, 0, 0, 0, 0, 0, -48.0107, -0.171962, 48.8442, 0, 0, 0, 0, 0, 0, -47.6773, -0.171962, -48.1774 ),
"tilts": PoolRealArray( 0, 0, 0, 0, 0 )
}

[sub_resource type="Resource" id=8]
script = ExtResource( 7 )
mode = 0
textures = [ [  ], [  ] ]

[node name="Main" type="Spatial"]

[node name="Player" parent="." instance=ExtResource( 1 )]
transform = Transform( 1, 0, 0, 0, 1, 0, 0, 0, 1, 0, 3.39349, 0 )
maxLookDown = -1.2
maxLookUp = 1.6

[node name="CanvasLayer" type="CanvasLayer" parent="."]

[node name="HUD" type="Control" parent="CanvasLayer"]
anchor_right = 1.0
anchor_bottom = 1.0
mouse_filter = 1
script = ExtResource( 9 )
playerPath = NodePath("../../Player")

[node name="StateLabel" type="Label" parent="CanvasLayer/HUD"]
margin_right = 40.0
margin_bottom = 14.0
text = "We can have UI too"

[node name="ColorRect" type="ColorRect" parent="CanvasLayer/HUD"]
anchor_left = 0.5
anchor_top = 0.5
anchor_right = 0.5
anchor_bottom = 0.5
margin_left = -7.0
margin_top = -7.0
margin_right = 7.0
margin_bottom = 7.0

[node name="WorldEnvironment" type="WorldEnvironment" parent="."]
environment = SubResource( 6 )
script = ExtResource( 8 )

[node name="DirectionalLight" type="DirectionalLight" parent="WorldEnvironment"]
transform = Transform( 0.82331, 0.559463, -0.0957183, 0.192953, -0.11728, 0.974174, 0.533789, -0.820516, -0.204508, 0.0203104, 7.65394, 0.0172873 )
shadow_enabled = true

[node name="TreeSpawner" type="Spatial" parent="."]
transform = Transform( 1, 0, 0, 0, 1, 0, 0, 0, 1, 0, 0.171962, 0 )
script = ExtResource( 4 )
pathPath = NodePath("Path")
itemCount = 100
itemPrefab = ExtResource( 3 )

[node name="Path" type="Path" parent="TreeSpawner"]
transform = Transform( 1.70106, 0, 0, 0, 1.70106, 0, 0, 0, 1.70106, 0, 0, 0 )
curve = SubResource( 7 )

[node name="HTerrain" type="Spatial" parent="."]
script = ExtResource( 5 )
map_scale = Vector3( 10, 15, 10 )
centered = true
_terrain_data = ExtResource( 6 )
chunk_size = 32
collision_enabled = true
collision_layer = 1
collision_mask = 1
shader_type = "LowPoly"
custom_shader = null
custom_globalmap_shader = null
texture_set = SubResource( 8 )
render_layers = 1

[node name="Objects" type="Spatial" parent="."]

[node name="Tree" parent="Objects" instance=ExtResource( 10 )]
transform = Transform( -0.122025, 0, 0.992527, 0, 1, 0, -0.992527, 0, -0.122025, 1.12504, 17.8144, 10.5538 )

[node name="Tree9" parent="Objects" instance=ExtResource( 10 )]
transform = Transform( -0.122025, 0, 0.992527, 0, 1, 0, -0.992527, 0, -0.122025, 1.12504, 89.0241, 3.47343 )

[node name="Tree10" parent="Objects" instance=ExtResource( 10 )]
transform = Transform( 0.579523, 0, 0.814956, 0, 1, 0, -0.814956, 0, 0.579523, -17.7838, 105.816, -11.0637 )

[node name="Tree5" parent="Objects" instance=ExtResource( 10 )]
transform = Transform( 0.841643, 0, 0.540035, 0, 1, 0, -0.540035, 0, 0.841643, -19.0996, 39.3456, -6.78946 )

[node name="Tree6" parent="Objects" instance=ExtResource( 10 )]
transform = Transform( 0.944273, 0, 0.329163, 0, 1, 0, -0.329163, 0, 0.944273, 28.723, 46.7265, -6.78946 )

[node name="Tree2" parent="Objects" instance=ExtResource( 3 )]
transform = Transform( 1, 0, 0, 0, 1, 0, 0, 0, 1, -0.949121, 10.5529, -4.1525 )

[node name="Tree3" parent="Objects" instance=ExtResource( 10 )]
transform = Transform( 1, 0, 0, 0, 1, 0, 0, 0, 1, 17.6684, 21.674, -0.501965 )

[node name="Tree7" parent="Objects" instance=ExtResource( 10 )]
transform = Transform( 0.487997, 0, -0.872845, 0, 1, 0, 0.872845, 0, 0.487997, 9.95097, 63.2134, 5.02092 )

[node name="Tree11" parent="Objects" instance=ExtResource( 10 )]
transform = Transform( -0.109942, 0, -0.993938, 0, 1, 0, 0.993938, 0, -0.109942, 15.9181, 113.609, 5.02092 )

[node name="Tree4" parent="Objects" instance=ExtResource( 10 )]
transform = Transform( 0.111244, 0, -0.993793, 0, 1, 0, 0.993793, 0, 0.111244, 0.981024, 25.8505, -19.1398 )

[node name="Tree8" parent="Objects" instance=ExtResource( 10 )]
transform = Transform( -0.46904, 0, -0.883177, 0, 1, 0, 0.883177, 0, -0.46904, 0.981024, 59.1674, -16.9485 )
